00000011000000011100000000000000
00000100111111100011000000000000
00000011111111111100100000000000
00011111100000111111010000000000
00101100011111000011111000000000
00000001000000011101101000000000
00000100000000001011101000000000
00000000000000010111010000000000
00000000000000101110100000000000
00000000000001011101000000000000
00000000000110111010000000000000
00000000000001110110000000000000
00000000011111111101000000000000
00000000101111111110110000000000
00000000001100000111011000000000
00000000000011111001101000000000
00000000000100000110110100000000
00000000000000000011111110000000
00000000000000000001011010000000
00000000000000000010111010000000
00000000000000000011110100000000
00000000000000000010110100000000
00000000000000000101111100000000
00000000000000001101101000000000
00000000000000010011010000000000
00000000000001101110110000000000
00000000011100011101000000000000
00000001000011111010000000000000
00000000011111100100000000000000
00001111111110011000000000000000
00000011100001100000000000000000
00000000001110000000000000000000
